2_4.npy,anomaly,210,600,-1,-1,675
2_5.npy,anomaly,176,1000,-1,-1,1125
2_6.npy,anomaly,80,1010,-1,-1,1150
2_1.npy,anomaly,120,460,-1,-1,750
2_2.npy,anomaly,70,900,-1,-1,950
2_3.npy,anomaly,196,500,-1,-1,625
2__1.mp4,normal,-1,-1,-1,-1,1000
2__2.mp4,normal,-1,-1,-1,-1,1000
2__3.mp4,normal,-1,-1,-1,-1,750
2__4.mp4,normal,-1,-1,-1,-1,750
2__5.mp4,normal,-1,-1,-1,-1,1000
2__6.mp4,normal,-1,-1,-1,-1,1000
2__7.mp4,normal,-1,-1,-1,-1,1000
2__8.mp4,normal,-1,-1,-1,-1,1125
1_10.mp4,normal,-1,-1,-1,-1,1500
1_11.mp4,normal,-1,-1,-1,-1,1500
1_12.mp4,normal,-1,-1,-1,-1,1500
1_13.mp4,normal,-1,-1,-1,-1,750
1_14.mp4,normal,-1,-1,-1,-1,750
1_15.mp4,normal,-1,-1,-1,-1,750
1_16.mp4,normal,-1,-1,-1,-1,1500
